Раздел 16.

Задание 16.1
0 1 2 3 4 1 2 3 4 5 2 3 4 5 6 3 4 5 6 7

Задание 16.2
0 0 2 0 3 6

Задание 16.3
1 2 5 3 7 12

Задание 16.4
1 2 3 4 5 6 7 8 9 
2 4 6 8 10 12 14 16 18 
3 6 9 12 15 18 21 24 27 
4 8 12 16 20 24 28 32 36 
5 10 15 20 25 30 35 40 45 
6 12 18 24 30 36 42 48 54 
7 14 21 28 35 42 49 56 63 
8 16 24 32 40 48 56 64 72 
9 18 27 36 45 54 63 72 81 

Задание 16.5
public class Stroks
{
  public static void Str()
  {
    for(int i = 1; i <= 99; i++)
    {
      for(int j = 10; j <= 99; j++)
      {
        if((j % (i + 1)) == 0)
        {
        	System.out.print(j + " ");
        }
      }
      System.out.println();
    }
  }
}

10 12 14 16 18 20 22 24 26 28 30 32 34 36 38 40 42 44 46 48 50 52 54 56 58 60 62 64 66 68 70 72 74 76 78 80 82 84 86 88 90 92 94 96 98 
12 15 18 21 24 27 30 33 36 39 42 45 48 51 54 57 60 63 66 69 72 75 78 81 84 87 90 93 96 99 
12 16 20 24 28 32 36 40 44 48 52 56 60 64 68 72 76 80 84 88 92 96 
10 15 20 25 30 35 40 45 50 55 60 65 70 75 80 85 90 95 
12 18 24 30 36 42 48 54 60 66 72 78 84 90 96 
14 21 28 35 42 49 56 63 70 77 84 91 98 
16 24 32 40 48 56 64 72 80 88 96 
18 27 36 45 54 63 72 81 90 99 
10 20 30 40 50 60 70 80 90 
11 22 33 44 55 66 77 88 99 
12 24 36 48 60 72 84 96 
13 26 39 52 65 78 91 
14 28 42 56 70 84 98 
15 30 45 60 75 90 
16 32 48 64 80 96 
17 34 51 68 85 
18 36 54 72 90 
19 38 57 76 95 
20 40 60 80 
21 42 63 84 
22 44 66 88 
23 46 69 92 
24 48 72 96 
25 50 75 
26 52 78 
27 54 81 
28 56 84 
29 58 87 
30 60 90 
31 62 93 
32 64 96 
33 66 99 
34 68 
35 70 
36 72 
37 74 
38 76 
39 78 
40 80 
41 82 
42 84 
43 86 
44 88 
45 90 
46 92 
47 94 
48 96 
49 98 
50 
51 
52 
53 
54 
55 
56 
57 
58 
59 
60 
61 
62 
63 
64 
65 
66 
67 
68 
69 
70 
71 
72 
73 
74 
75 
76 
77 
78 
79 
80 
81 
82 
83 
84 
85 
86 
87 
88 
89 
90 
91 
92 
93 
94 
95 
96 
97 
98 
99 

Задание 16.6
public class Biki
{
  public static void Kol()
  {
    for(int i = 0; i <= 10; i++)
    {
      for(int j = 0; j <= 20; j++)
      {
        if(i * 10 + j * 5 == 100)
        {
        	System.out.println(i + " biki|" + j + " cows");
        }
      }
    }
  }
}

0 biki|20 cows
1 biki|18 cows
2 biki|16 cows
3 biki|14 cows
4 biki|12 cows
5 biki|10 cows
6 biki|8 cows
7 biki|6 cows
8 biki|4 cows
9 biki|2 cows
10 biki|0 cows

Задание 16.7
1: 
2: 1 
3: 1 
4: 1 2 
5: 1 
6: 1 2 3 
7: 1 
8: 1 2 4 
9: 1 3 
10: 1 2 5 
11: 1 
12: 1 2 3 4 6 
13: 1 
14: 1 2 7 
15: 1 3 5 
16: 1 2 4 8 
17: 1 
18: 1 2 3 6 9 
19: 1 
20: 1 2 4 5 10 
21: 1 3 7 
22: 1 2 11 
23: 1 
24: 1 2 3 4 6 8 12 
25: 1 5 
26: 1 2 13 
27: 1 3 9 
28: 1 2 4 7 14 
29: 1 
30: 1 2 3 5 6 10 15 
31: 1 
32: 1 2 4 8 16 
33: 1 3 11 
34: 1 2 17 
35: 1 5 7 
36: 1 2 3 4 6 9 12 18 
37: 1 
38: 1 2 19 
39: 1 3 13 
40: 1 2 4 5 8 10 20 
41: 1 
42: 1 2 3 6 7 14 21 
43: 1 
44: 1 2 4 11 22 
45: 1 3 5 9 15 
46: 1 2 23 
47: 1 
48: 1 2 3 4 6 8 12 16 24 
49: 1 7 
50: 1 2 5 10 25 
51: 1 3 17 
52: 1 2 4 13 26 
53: 1 
54: 1 2 3 6 9 18 27 
55: 1 5 11 
56: 1 2 4 7 8 14 28 
57: 1 3 19 
58: 1 2 29 
59: 1 
60: 1 2 3 4 5 6 10 12 15 20 30 
61: 1 
62: 1 2 31 
63: 1 3 7 9 21 
64: 1 2 4 8 16 32 
65: 1 5 13 
66: 1 2 3 6 11 22 33 
67: 1 
68: 1 2 4 17 34 
69: 1 3 23 
70: 1 2 5 7 10 14 35 
71: 1 
72: 1 2 3 4 6 8 9 12 18 24 36 
73: 1 
74: 1 2 37 
75: 1 3 5 15 25 

Задание 16.8
public class DevideBy
{
  public static void Dev()
  {
    for(int i = 1; i <= 75; i++)
    {
      int sum = 0;
      for(int j = 1; j <= i/2; j++)
      {
        if(i % j == 0)
        {
        	sum = sum + j;
          	System.out.print(sum + " ");
        }
      }
      System.out.println();
    }
  }
}

1 
1 
1 3 
1 
1 3 6 
1 
1 3 7 
1 4 
1 3 8 
1 
1 3 6 10 16 
1 
1 3 10 
1 4 9 
1 3 7 15 
1 
1 3 6 12 21 
1 
1 3 7 12 22 
1 4 11 
1 3 14 
1 
1 3 6 10 16 24 36 
1 6 
1 3 16 
1 4 13 
1 3 7 14 28 
1 
1 3 6 11 17 27 42 
1 
1 3 7 15 31 
1 4 15 
1 3 20 
1 6 13 
1 3 6 10 16 25 37 55 
1 
1 3 22 
1 4 17 
1 3 7 12 20 30 50 
1 
1 3 6 12 19 33 54 
1 
1 3 7 18 40 
1 4 9 18 33 
1 3 26 
1 
1 3 6 10 16 24 36 52 76 
1 8 
1 3 8 18 43 
1 4 21 
1 3 7 20 46 
1 
1 3 6 12 21 39 66 
1 6 17 
1 3 7 14 22 36 64 
1 4 23 
1 3 32 
1 
1 3 6 10 15 21 31 43 58 78 108 
1 
1 3 34 
1 4 11 20 41 
1 3 7 15 31 63 
1 6 19 
1 3 6 12 23 45 78 
1 
1 3 7 24 58 
1 4 27 
1 3 8 15 25 39 74 
1 
1 3 6 10 16 24 33 45 63 87 123 
1 
1 3 40 
1 4 9 24 49 






